%YAML:1.0
---
image_width: 640
image_height: 480
camera_matrix: !!opencv-matrix
   rows: 3
   cols: 3
   dt: d
   data: [ 5.3196641771540931e+02, 0., 3.1859977438996833e+02, 0.,
       5.3473917945316157e+02, 2.5473332607867266e+02, 0., 0., 1. ]
distortion_coefficients: !!opencv-matrix
   rows: 1
   cols: 5
   dt: d
   data: [ 4.9820646538820700e-02, 9.9306913881848369e-03,
       -2.4188568304552328e-03, -1.6046689798599621e-03,
       -1.6174352750906262e-01 ]
